route_id,service_id,trip_id,trip_short_name,direction_id,shape_id,trip_headsign
40751,106460536362,230826,2265,1,324,Washington
84,106260056362,225182,539,0,230,San Jose
42954,306553626362,228251,3911,0,,San Jose
42954,306253626362,228252,3911,0,,San Jose
36923,112760676362,223790,19,1,242,New Orleans
36948,312753626362,215634,316,1,257,St. Louis
42954,306253626362,203617,6438,0,,Norfolk
40751,206453626004,230818,2265,1,324,Washington
36923,212753626004,223784,19,1,242,New Orleans
36923,112060056042,223785,19,1,135,Atlanta
36923,100760086065,223786,19,1,242,New Orleans
36923,106460466046,223787,19,1,242,New Orleans
36923,112060476063,223788,19,1,135,Atlanta
36923,100160666066,223789,19,1,242,New Orleans
40751,106460116011,230819,2265,1,324,Washington
40751,103260196019,230821,2265,1,324,Washington
40751,106460256025,230822,2265,1,324,Washington
40751,106460326039,230823,2265,1,324,Washington
40751,103260476047,230825,2265,1,324,Washington
84,106260056362,225189,541,0,61,Oakland
40751,106460536362,230835,2257,1,324,Washington
40751,106460046004,230828,2257,1,324,Washington
40751,106460116011,230829,2257,1,324,Washington
84,106260056362,228761,536,1,59,Sacramento
42951,312753626362,195509,301,1,256,St. Louis
88,106460536362,210887,122,0,237,New York
40751,106460536362,210939,2222,0,328,New York
40751,106260486362,230707,2190,0,325,Boston
40751,106260486362,230714,2150,0,327,Boston
36921,312753626362,230717,284,1,280,New York
40751,106260486362,230732,2107,1,326,Washington
42954,106260056362,228190,6627,0,,San Francisco
40751,106260486362,228786,2167,1,324,Washington
40751,106260056016,230703,2190,0,325,Boston
40751,106260206044,230705,2190,0,325,Boston
40751,106260056016,230710,2150,0,327,Boston
40751,106260206044,230712,2150,0,327,Boston
88,106460536362,210986,104,0,237,New York
88,206453626011,210881,122,0,237,New York
88,103260196019,210883,122,0,237,New York
88,106460256039,210884,122,0,237,New York
88,103260476047,210886,122,0,237,New York
42954,106260056362,228196,6626,1,,Emeryville
42954,106260056362,228202,6635,0,,San Francisco
42954,106260056362,228206,6630,1,,Emeryville
40751,206253626016,228782,2167,1,324,Washington
40751,106260206044,228784,2167,1,324,Washington
40751,103260196019,230831,2257,1,324,Washington
40751,106460256039,230832,2257,1,324,Washington
40751,103260476047,230834,2257,1,324,Washington
88,106260486362,228945,184,0,264,Boston
88,106260486362,228953,136,0,258,Springfield
88,106260486362,228961,94,0,341,Boston
88,106260486362,228969,148,0,258,Springfield
81,112760676362,200513,449,0,125,Chicago
42954,312753626362,228270,5717,0,,Bakersfield
40751,106460536362,230844,2292,0,325,Boston
36923,112460676362,223831,20,0,244,New York
36923,100360726362,223832,20,0,244,New York
88,106260056016,228941,184,0,264,Boston
88,106260206044,228943,184,0,264,Boston
88,106260056016,228949,136,0,258,Springfield
88,106260206044,228951,136,0,258,Springfield
88,106260056016,228957,94,0,341,Boston
88,106260206044,228959,94,0,341,Boston
88,106260056016,228965,148,0,258,Springfield
88,106260206044,228967,148,0,258,Springfield
40751,106460536362,230859,2226,0,328,New York
40751,206453626004,230837,2292,0,325,Boston
40751,106460116011,230838,2292,0,325,Boston
40751,103260196019,230840,2292,0,325,Boston
40751,106460256039,230841,2292,0,325,Boston
40751,103260476047,230843,2292,0,325,Boston
40751,206453626004,230852,2226,0,328,New York
40751,106460116011,230853,2226,0,328,New York
40751,103260196019,230855,2226,0,328,New York
40751,106460256039,230856,2226,0,328,New York
40751,103260476047,230858,2226,0,328,New York
81,212753626065,200511,449,0,125,Chicago
81,100160666066,200512,449,0,125,Chicago
36923,200353626065,223817,20,0,244,New York
36923,211653626005,223819,20,0,244,New York
36923,102860066008,223820,20,0,134,New York
36923,106460116011,223821,20,0,244,New York
36923,106060126015,223822,20,0,134,New York
36923,106460186018,223823,20,0,244,New York
36923,106060196043,223824,20,0,134,New York
36923,106460256039,223825,20,0,244,New York
36923,106460466046,223826,20,0,244,New York
36923,103260476047,223827,20,0,244,New York
36923,106060486064,223828,20,0,134,New York
36923,106460536060,223829,20,0,244,New York
36923,100160666066,223830,20,0,244,New York
84,106260056362,225224,551,0,61,Oakland
84,106260056362,225231,547,0,230,San Jose
68,312753626362,215653,64,1,198,New York
42991,112760606362,219069,1333,0,338,St. Paul
40751,106260056016,230728,2107,1,326,Washington
40751,106260206044,230730,2107,1,326,Washington
42991,112760606362,219071,1340,1,337,Chicago
42991,212753626059,219068,1333,0,338,St. Paul
42991,212753626059,219070,1340,1,337,Chicago
36921,312753626362,230743,237,0,248,Rensselaer
40751,106260486362,230757,2162,0,327,Boston
88,112460476362,219085,67,1,84,Newport News
40751,106260056016,230753,2162,0,327,Boston
40751,106260206044,230755,2162,0,327,Boston
40751,106260486362,230771,2155,1,324,Washington
36926,312753626362,215611,318,0,377,Chicago
36948,312753626362,215614,311,0,255,Kansas City
40751,106260486362,230778,2193,1,,New York
88,212453626015,219081,67,1,84,Newport News
40751,106260056016,230767,2155,1,324,Washington
40751,106260206044,230769,2155,1,324,Washington
88,112460196043,219083,67,1,84,Newport News
88,106260966362,219100,186,0,381,New York
40751,106260056016,230774,2193,1,,New York
40751,106260206044,230776,2193,1,,New York
84,106260056362,225162,531,0,61,Oakland
40751,206453626011,210933,2222,0,328,New York
40751,103260196019,210935,2222,0,328,New York
40751,106460256039,210936,2222,0,328,New York
40751,100160106362,230784,2203,1,326,Washington
88,206253626016,219095,186,0,,Philadelphia
40751,103260476047,210938,2222,0,328,New York
88,106260206044,219097,186,0,,Philadelphia
88,106260486093,219099,186,0,,Philadelphia
18650,312753626362,228224,5521,1,,Springfield
18650,312753626362,228229,5522,0,,Galesburg
40751,200553626003,230783,2203,1,326,Washington
88,106260486362,228897,171,1,344,Roanoke
40751,106460186018,230785,2203,1,326,Washington
40751,106460466046,230786,2203,1,326,Washington
40751,106560106362,230792,2205,1,326,Washington
88,106260056016,228893,171,1,344,Roanoke
88,106260206044,228895,171,1,344,Roanoke
42954,206253626009,228230,6185,1,,Virginia Beach
88,106460536362,228855,154,0,264,Boston
42954,206553626011,228232,6453,1,,Newport News
42954,206253626009,228234,6285,1,,Newport News
88,206453626011,210980,104,0,237,New York
42954,206553626011,228236,6153,1,,Virginia Beach
88,103260196019,210982,104,0,237,New York
88,106460256039,210983,104,0,237,New York
88,103260476047,210985,104,0,237,New York
42954,206453626011,228238,6157,1,,Virginia Beach
40751,206953626004,230791,2205,1,326,Washington
40751,103260196019,230793,2205,1,326,Washington
40751,103260476047,230794,2205,1,326,Washington
42954,206553626011,228240,6088,0,,Norfolk
88,206453626011,228849,154,0,264,Boston
42954,206453626011,228242,6096,0,,Newport News
88,103260196019,228851,154,0,264,Boston
88,106460256039,228852,154,0,264,Boston
88,103260476047,228854,154,0,264,Boston
40751,100160106362,230796,2216,0,328,New York
42954,306253626362,203582,6093,0,,Newport News
42954,206253626009,228244,6084,0,,Norfolk
42954,306253626362,203585,6094,0,,Norfolk
42954,306253626362,203588,6095,1,,Virginia Beach
42954,306253626362,203594,6125,1,,Virginia Beach
42954,306253626362,203603,6186,0,,Newport News
42954,306253626362,203606,6193,1,,Virginia Beach
42954,306253626362,203612,6394,0,,Norfolk
40751,200553626003,230795,2216,0,328,New York
40751,106460186018,230797,2216,0,328,New York
40751,106460466046,230798,2216,0,328,New York
42954,200153626010,228246,6194,0,,Newport News
42954,206553626011,228248,6188,0,,Norfolk
79,112760336362,225235,72,1,107,Raleigh
79,212753626032,225234,72,1,107,Raleigh
84,106260056362,225250,521,0,230,San Jose
84,106260056362,225264,523,0,230,San Jose
40751,100160106362,230883,2271,1,324,Washington
40751,106460536362,230890,2271,1,324,Washington
41044,306553626362,219191,400,0,317,Greenfield
41042,306553626362,219199,405,1,318,New Haven
88,112760966362,207975,66,0,343,Boston
40751,206453626004,230882,2271,1,324,Washington
40751,106460116011,230884,2271,1,324,Washington
40751,106460186018,230885,2271,1,324,Washington
40751,103260196019,230886,2271,1,324,Washington
40751,106460256039,230887,2271,1,324,Washington
40751,103260476047,230889,2271,1,324,Washington
40751,103260476047,230933,2247,1,324,Washington
40751,206453626004,230935,2263,1,324,Washington
40751,103260476047,230941,2263,1,324,Washington
40751,206453626004,230943,2262,0,327,Boston
84,106260056362,225295,526,1,59,Sacramento
88,106560526362,229062,164,0,90,Boston
40751,103260476047,230949,2262,0,327,Boston
42985,306453626362,185804,9493,1,,Washington
88,106260486362,230959,172,0,264,Boston
88,206553626004,229056,164,0,354,Boston
42985,306453626362,211069,9478,0,,Baltimore
88,106560106011,229058,164,0,354,Boston
88,106560176046,229059,164,0,90,Boston
88,103260196019,229060,164,0,90,Boston
88,103260476047,229061,164,0,90,Boston
42985,306453626362,211073,9485,1,,Washington
42985,306453626362,211074,9486,0,,Baltimore
84,106260056362,225306,530,1,64,Sacramento
84,106260056362,225313,528,1,64,Sacramento
42985,306453626362,211078,9692,0,,Martin Airport
18650,312753626362,223870,8359,1,,Carbondale
18650,312753626362,223876,8358,0,,St. Louis
88,106560526362,229077,88,0,264,Boston
88,206253626016,230955,172,0,264,Boston
88,106260206044,230957,172,0,264,Boston
36921,312753626362,187864,281,0,279,Niagara Falls
68,312753626362,187868,63,0,350,Toronto
60,312753626362,188910,509,1,293,Portland
88,106260756362,230967,183,1,267,Washington
42985,306253626362,185852,9534,0,,Perryville
88,206553626004,229071,88,0,341,Boston
88,106560106011,229073,88,0,341,Boston
88,106560176046,229074,88,0,264,Boston
88,103260196019,229075,88,0,264,Boston
88,103260476047,229076,88,0,264,Boston
36924,112760676362,228354,14,0,313,Seattle
41044,103260196019,219194,400,0,317,Greenfield
41044,103260476047,219195,400,0,317,Greenfield
88,212753626095,207974,66,0,343,Boston
41042,103260196019,219202,405,1,318,New Haven
41042,103260476047,219203,405,1,318,New Haven
40751,106560526362,230914,2254,0,327,Boston
40751,106560526362,230921,2253,1,324,Washington
40751,100160526362,230926,2251,1,324,Washington
61,306253626362,219211,684,1,153,Boston
40751,106460536362,230934,2247,1,324,Washington
40751,106460536362,230942,2263,1,324,Washington
40751,106460536362,230950,2262,0,327,Boston
42985,306453626362,185787,9484,0,,Baltimore
40751,206953626004,230908,2254,0,327,Boston
61,306253626362,219221,685,0,152,Brunswick
42954,312753626362,200553,6292,0,,Jacksonville
40751,103260476047,230913,2254,0,327,Boston
40751,206953626004,230915,2253,1,324,Washington
40751,103260476047,230920,2253,1,324,Washington
40751,200553626003,230922,2251,1,324,Washington
42985,306453626362,185795,9488,0,,Baltimore
40751,106460466046,230925,2251,1,324,Washington
84,106260056362,225280,522,1,59,Sacramento
84,106260056362,225287,524,1,64,Sacramento
40751,206453626004,230927,2247,1,324,Washington
36924,112760676362,228358,11,1,314,Los Angeles
84,106260056362,225320,532,1,59,Sacramento
88,106260056016,230962,183,1,267,Washington
88,106260206044,230964,183,1,267,Washington
88,106260486072,230966,183,1,267,Washington
36924,212753626065,228352,14,0,313,Seattle
36924,100160666066,228353,14,0,313,Seattle
36924,212753626065,228356,11,1,314,Los Angeles
36924,100160666066,228357,11,1,314,Los Angeles
42954,312753626362,215697,3514,1,,Salinas
42985,306453626362,211081,9694,0,,Martin Airport
42958,112760126362,223888,6089,1,,Swansboro
42958,212753626011,223887,6089,1,,Swansboro
36921,312753626362,214747,283,0,279,Niagara Falls
36921,312753626362,214750,233,0,248,Rensselaer
42948,306253626362,185910,9633,0,,Stamford
42985,306253626362,185917,9638,1,,Old Saybrook
88,100160806362,230981,152,0,264,Boston
88,106260756362,230991,177,1,355,Philadelphia
88,100160806362,230996,159,1,267,Washington
42954,312753626362,215706,3614,0,,Carmel
88,106260756362,231006,178,0,343,Boston
88,100160806362,231011,168,0,264,Boston
40751,100160806362,231016,2218,0,328,New York
40751,100160806362,231023,2249,1,324,Washington
88,100160806362,231030,163,1,260,Washington
40751,106260756362,231034,2126,0,328,New York
88,106260756362,231043,190,0,356,Boston
42985,306253626362,185930,9654,0,,Perryville
79,112760336362,228364,73,0,108,Charlotte
84,106260056362,225341,538,1,63,Auburn
88,106560806362,231052,103,1,267,Washington
88,106260756362,231061,197,1,267,Washington
88,100160806362,231068,167,1,355,Philadelphia
42985,306453626362,185933,9677,1,,Washington
42985,306453626362,185935,9681,1,,Washington
42985,306453626362,185936,9683,1,,Washington
79,212753626032,228363,73,0,108,Charlotte
36921,312753626362,214756,241,0,248,Rensselaer
88,200553626003,230976,152,0,264,Boston
88,100160106045,230977,152,0,264,Boston
88,106460186018,230978,152,0,264,Boston
88,106460466046,230979,152,0,264,Boston
88,100160526073,230980,152,0,264,Boston
88,206253626016,230986,177,1,355,Philadelphia
88,106260206044,230988,177,1,355,Philadelphia
88,106260486072,230990,177,1,355,Philadelphia
88,200153626073,230993,159,1,267,Washington
88,106460186018,230994,159,1,267,Washington
84,106260056362,225355,542,1,64,Sacramento
88,106460466046,230995,159,1,267,Washington
94,106460956362,203498,610,1,22,Philadelphia
42956,306253626362,203847,364,1,171,Port Huron
88,206253626009,231000,178,0,264,Boston
88,106260126016,231001,178,0,343,Boston
42956,306553626362,203848,364,1,171,Port Huron
42956,306253626362,203853,365,0,172,Chicago
42956,306553626362,203854,365,0,172,Chicago
42891,112760686362,189448,8853,1,,Flagstaff
33820,108460696362,189454,8901,0,,Phoenix
33820,103760686362,189457,8902,0,,Phoenix
42891,112760686362,189460,8953,0,,Williams
42891,112760686362,189463,8954,0,,Williams
42912,212753626073,189441,8004,1,,Kingman
33820,203753626066,189444,8602,1,,Maricopa
42891,212753626067,189447,8853,1,,Flagstaff
33820,208453626067,189453,8901,0,,Phoenix
33820,203753626066,189456,8902,0,,Phoenix
42891,212753626067,189459,8953,0,,Williams
42891,212753626067,189462,8954,0,,Williams
84,106260056362,225369,548,1,59,Sacramento
88,106460466046,231066,167,1,355,Philadelphia
78,212753626009,228395,566,1,101,San Diego
78,106560106011,228396,566,1,,San Juan Capistrano
88,100160526073,231067,167,1,355,Philadelphia
78,112760126362,228406,580,1,101,San Diego
84,106260056362,225373,550,1,64,Sacramento
40751,100260516362,231073,2174,0,327,Boston
88,106560806362,231079,118,0,237,New York
78,212753626009,228404,580,1,101,San Diego
78,106560106011,228405,580,1,,San Juan Capistrano
88,206253626016,223932,181,1,267,Washington
88,106260206044,223934,181,1,267,Washington
88,206953626004,231074,118,0,237,New York
84,306553626362,225375,723,0,230,San Jose
88,106260486362,223936,181,1,267,Washington
84,306553626362,225378,727,0,230,San Jose
80,306253626362,214778,352,1,52,Pontiac
80,306553626362,214779,352,1,52,Pontiac
88,106560106025,231075,118,0,237,New York
88,103260196019,231076,118,0,237,New York
88,106560316074,231077,118,0,237,New York
88,103260476047,231078,118,0,237,New York
78,112760126362,228426,586,1,101,San Diego
88,106260206044,231003,178,0,343,Boston
88,106260486072,231005,178,0,343,Boston
88,200153626073,231008,168,0,264,Boston
88,106460186018,231009,168,0,264,Boston
42948,306253626362,185952,9700,1,,Old Saybrook
42948,306253626362,185953,9704,1,,Old Saybrook
42948,306253626362,185954,9706,1,,Old Saybrook
42948,306253626362,185955,9755,0,,New Haven
88,106460466046,231010,168,0,264,Boston
40751,200153626073,231013,2218,0,328,New York
42948,306253626362,185956,9757,0,,New Haven
42948,306253626362,185957,9759,0,,New Haven
42948,306553626362,185958,9790,1,,Old Saybrook
40751,106460186018,231014,2218,0,328,New York
40751,106460466046,231015,2218,0,328,New York
40751,200553626003,231017,2249,1,324,Washington
40751,100160106073,231018,2249,1,324,Washington
40751,106460186018,231019,2249,1,324,Washington
40751,106460466046,231021,2249,1,324,Washington
88,200553626003,231024,163,1,260,Washington
88,100160106024,231025,163,1,260,Washington
88,106460186018,231026,163,1,260,Washington
88,100160316045,231027,163,1,260,Washington
88,106460466046,231028,163,1,260,Washington
88,100160526073,231029,163,1,260,Washington
40751,106260056016,231031,2126,0,328,New York
40751,106260206072,231033,2126,0,328,New York
33820,108460696362,189439,8601,1,,Maricopa
78,112760126362,228388,564,1,101,San Diego
88,206253626016,231038,190,0,356,Boston
88,106260206044,231040,190,0,356,Boston
88,106260486072,231042,190,0,356,Boston
88,206553626010,231045,103,1,267,Washington
88,106460116011,231046,103,1,267,Washington
88,106560176038,231047,103,1,267,Washington
88,103260196019,231048,103,1,267,Washington
88,106460396039,231049,103,1,267,Washington
88,106560456074,231050,103,1,267,Washington
88,103260476047,231051,103,1,267,Washington
78,212753626009,228386,564,1,101,San Diego
78,106560106011,228387,564,1,,San Juan Capistrano
40751,106260486362,229164,2172,0,327,Boston
33820,208453626067,189438,8601,1,,Maricopa
40751,106260486362,229173,2169,1,324,Washington
88,206253626016,231056,197,1,267,Washington
88,106260206044,231058,197,1,267,Washington
88,106260486072,231060,197,1,267,Washington
88,200553626003,231062,167,1,260,Washington
88,100160106010,231063,167,1,260,Washington
88,106560176024,231064,167,1,355,Philadelphia
88,100160316045,231065,167,1,355,Philadelphia
42912,112760746362,189442,8004,1,,Kingman
78,112760126362,228397,566,1,101,San Diego
33820,103760686362,189445,8602,1,,Maricopa
42954,212753626066,200705,6091,1,,Fort Myers
42954,106460676067,200706,6091,1,,Fort Myers
42954,212753626066,200710,6291,1,,Lakeland
42954,106460676067,200711,6291,1,,Lakeland
78,212753626009,228460,774,1,146,San Diego
78,106560106011,228461,774,1,,San Juan Capistrano
78,212753626009,228471,790,1,151,San Diego
78,106560106011,228472,790,1,,San Juan Capistrano
42954,212753626066,200715,6097,1,,Fort Myers
40751,106260486362,229270,2173,1,324,Washington
42954,106460676067,200716,6097,1,,Fort Myers
88,106460536362,214916,121,1,267,Washington
84,106260056362,231126,520,1,59,Sacramento
42954,112760686362,200717,6097,1,,Fort Myers
88,106260486362,211281,131,1,267,Washington
84,306553626362,225402,743,0,61,Oakland
84,306553626362,225405,741,0,230,San Jose
88,206453626011,214910,121,1,267,Washington
88,103260196019,214912,121,1,267,Washington
88,106460256039,214913,121,1,267,Washington
88,103260476047,214915,121,1,267,Washington
88,106260486362,211214,185,1,267,Washington
40751,106460536362,231087,2224,0,328,New York
88,100160526362,231094,106,0,237,New York
88,106460536362,231102,132,0,264,Boston
78,212753626009,228424,586,1,101,San Diego
78,106560106011,228425,586,1,,San Juan Capistrano
61,306253626362,193112,682,1,153,Boston
78,112760126362,228432,770,1,151,San Diego
40751,206453626004,231080,2224,0,328,New York
40751,103260476047,231086,2224,0,328,New York
88,206953626004,231088,106,0,237,New York
88,106560106024,231089,106,0,237,New York
88,100160316045,231092,106,0,237,New York
88,206253626016,211210,185,1,267,Washington
78,212753626009,228430,770,1,151,San Diego
88,106260206044,211212,185,1,267,Washington
78,106560106011,228431,770,1,,San Juan Capistrano
88,103260476047,231093,106,0,237,New York
88,206453626004,231095,132,0,264,Boston
88,106460116011,231096,132,0,264,Boston
40751,106260486362,229251,2152,0,327,Boston
88,103260196019,231098,132,0,264,Boston
88,106460256039,231099,132,0,264,Boston
88,103260476047,231101,132,0,264,Boston
88,206253626009,223961,133,1,267,Washington
88,300153626362,214876,101,1,267,Washington
42954,112760686362,200707,6091,1,,Fort Myers
41044,106260486362,219320,478,0,,Springfield
42954,112760686362,200712,6291,1,,Lakeland
78,112760126362,228462,774,1,146,San Diego
78,112760126362,228473,790,1,151,San Diego
41044,206253626016,219316,478,0,,Springfield
41044,106260206044,219318,478,0,,Springfield
88,106460186018,214878,101,1,267,Washington
88,106460466046,214879,101,1,267,Washington
88,106260206044,224040,86,0,90,Boston
23565,212753626066,189771,7103,0,,Los Alamos
23565,106460676067,189772,7103,0,,Los Alamos
23565,212753626066,189774,7104,1,,Lamy
23565,106460676067,189775,7104,1,,Lamy
23565,212753626066,189777,7203,1,,Lamy
23565,106460676067,189778,7203,1,,Lamy
23565,212753626066,189780,7204,0,,Los Alamos
23565,106460676067,189781,7204,0,,Los Alamos
84,306553626362,225426,728,1,64,Sacramento
78,112760126362,228562,581,0,102,Los Angeles
78,112760126362,228569,573,0,102,Los Angeles
40751,106260056016,231165,2153,1,324,Washington
40751,106260206044,231167,2153,1,324,Washington
23565,112760686362,189773,7103,0,,Los Alamos
23565,112760686362,189776,7104,1,,Lamy
23565,112760686362,189779,7203,1,,Lamy
23565,112760686362,189782,7204,0,,Los Alamos
40751,106260486362,231169,2153,1,324,Washington
40751,100160106362,229311,2201,1,326,Washington
84,306553626362,225429,732,1,59,Sacramento
40751,106460256362,229316,2295,1,,New York
78,212753626009,228560,581,0,102,Los Angeles
78,106560106011,228561,581,0,,Los Angeles
78,212753626009,228567,573,0,102,Los Angeles
78,106560106011,228568,573,0,,Los Angeles
40751,106460256362,229325,2274,0,327,Boston
40751,106260206362,229328,2109,1,326,Washington
40751,106460256362,229332,2228,0,328,New York
40751,106460186018,229312,2201,1,326,Washington
40751,106460116011,229313,2295,1,,New York
40751,103260196019,229315,2295,1,,New York
40751,106060486362,231177,2124,0,328,New York
88,106260486362,211386,173,1,260,Washington
84,106260056362,231134,537,0,61,Oakland
84,106260056362,231139,534,1,59,Sacramento
88,206253626016,211277,131,1,267,Washington
88,106260206044,211279,131,1,267,Washington
84,306553626362,225408,745,0,230,San Jose
84,306553626362,225414,751,0,61,Oakland
42954,212753626066,189733,6049,0,,East Lansing
42954,106460676067,189734,6049,0,,East Lansing
78,112760126362,228522,591,0,102,Los Angeles
78,212753626009,228520,591,0,102,Los Angeles
78,106560106011,228521,591,0,,Los Angeles
42954,112760686362,189735,6049,0,,East Lansing
43,112760686362,189755,8721,0,,Fort Cavazos
43,112760686362,189758,8722,0,,Fort Cavazos
43,112760686362,189761,8821,1,,Temple
43,112760686362,189764,8822,1,,Temple
84,306553626362,225420,720,1,59,Sacramento
84,306553626362,225423,724,1,64,Sacramento
95,312753626362,204188,68,1,3,New York
88,106260486362,224042,86,0,90,Boston
88,106460536362,215063,145,1,340,Roanoke
43,212753626066,189753,8721,0,,Fort Cavazos
43,106460676067,189754,8721,0,,Fort Cavazos
43,212753626066,189756,8722,0,,Fort Cavazos
43,106460676067,189757,8722,0,,Fort Cavazos
43,212753626066,189759,8821,1,,Temple
43,106460676067,189760,8821,1,,Temple
43,212753626066,189762,8822,1,,Temple
43,106460676067,189763,8822,1,,Temple
88,206253626009,224037,86,0,354,Boston
88,106260126016,224038,86,0,90,Boston
88,206453626011,215057,145,1,340,Roanoke
88,103260196019,215059,145,1,340,Roanoke
88,106460256039,215060,145,1,340,Roanoke
88,103260476047,215062,145,1,340,Roanoke
40751,106460116011,229322,2274,0,327,Boston
40751,103260196019,229324,2274,0,327,Boston
40751,106260056016,229326,2109,1,326,Washington
40751,106460116011,229329,2228,0,328,New York
40751,103260196019,229331,2228,0,328,New York
40751,106260486362,231184,2159,1,324,Washington
78,112760126362,228600,765,0,149,Goleta
88,206253626016,211382,173,1,260,Washington
88,106260206044,211384,173,1,260,Washington
40751,106060056015,231172,2124,0,328,New York
78,112760126362,228610,593,0,102,Los Angeles
40751,100260096044,231173,2124,0,328,New York
40751,106060206043,231175,2124,0,328,New York
40751,206253626016,231180,2159,1,324,Washington
40751,106260206362,229342,2192,0,325,Boston
40751,106260206044,231182,2159,1,324,Washington
78,212753626009,228598,765,0,149,Goleta
78,106560106011,228599,765,0,,Goleta
78,212753626009,228608,593,0,102,Los Angeles
78,106560106011,228609,593,0,,Los Angeles
36921,106260486362,208261,243,0,248,Rensselaer
41042,106260486362,208287,417,1,318,New Haven
40751,106260056016,229340,2192,0,325,Boston
36921,206253626016,208257,243,0,248,Rensselaer
36921,106260206044,208259,243,0,248,Rensselaer
61,106260906362,231212,689,0,152,Brunswick
41042,206253626016,208283,417,1,318,New Haven
41042,106260206044,208285,417,1,318,New Haven
61,100160036010,231186,1689,0,152,Brunswick
61,100460156015,231187,1689,0,152,Brunswick
61,103260266026,231188,1689,0,152,Brunswick
61,107160436046,231189,1689,0,152,Brunswick
61,100860566056,231190,1689,0,152,Brunswick
61,104260706075,231191,1689,0,152,Brunswick
61,106460816088,231192,1689,0,152,Brunswick
61,103260896089,231193,1689,0,152,Brunswick
61,106260056014,231198,689,0,152,Brunswick
78,112760126362,228627,769,0,149,Goleta
61,106260166023,231200,689,0,152,Brunswick
61,106260276042,231202,689,0,152,Brunswick
61,106260476055,231204,689,0,152,Brunswick
61,106260576069,231206,689,0,152,Brunswick
61,100460716071,231208,689,0,152,Brunswick
61,106260766086,231210,689,0,152,Brunswick
78,212753626009,228625,769,0,149,Goleta
78,106560106011,228626,769,0,,Goleta
41042,106260486362,208306,470,0,319,Springfield
41042,106260486362,208317,473,1,318,New Haven
41042,106260206044,208345,475,1,318,New Haven
78,212753626009,228657,779,0,148,San Luis Obispo
84,106560456362,231228,737,0,61,Oakland
78,106560106011,228658,779,0,,San Luis Obispo
54,306253626362,205030,329,0,19,Milwaukee
41044,206253626016,208363,479,1,315,New Haven
41044,106260206044,208365,479,1,315,New Haven
84,106560106038,231226,737,0,61,Oakland
78,112760126362,228662,784,1,151,San Diego
88,106460186018,211502,65,1,84,Newport News
88,106460466046,211503,65,1,84,Newport News
41042,206253626016,208374,490,0,319,Springfield
41042,106260206044,208376,490,0,319,Springfield
41044,206253626016,208384,494,0,316,Greenfield
41044,106260206044,208386,494,0,316,Greenfield
51,100160666066,229361,1003,0,270,Los Angeles
78,212753626009,228660,784,1,151,San Diego
78,106560106011,228661,784,1,,San Juan Capistrano
42954,312753626362,222143,5715,0,,Bakersfield
84,106460396039,231227,737,0,230,San Jose
42954,312753626362,222145,5815,0,,Bakersfield
42954,312753626362,222147,5813,0,,Bakersfield
42954,312753626362,222149,5915,0,,Bakersfield
41044,206253626016,208394,495,1,,New Haven
41044,106260206044,208396,495,1,,New Haven
42954,312753626362,222154,5919,0,,Bakersfield
42954,312753626362,222159,5703,0,,Bakersfield
42954,312753626362,222163,5817,0,,Bakersfield
42954,312753626362,222168,5719,0,,Bakersfield
84,106560456362,231232,747,0,230,San Jose
84,306553626362,225491,738,1,64,Sacramento
41044,206253626016,208412,486,0,316,Greenfield
41044,106260206044,208414,486,0,316,Greenfield
84,206553626038,231230,747,0,230,San Jose
84,106460396039,231231,747,0,230,San Jose
78,112760126362,228673,587,0,102,Los Angeles
78,112760126362,228677,582,1,101,San Diego
78,112760126362,228680,577,0,102,Los Angeles
78,112760126362,228683,572,1,101,San Diego
78,212753626009,228671,587,0,102,Los Angeles
84,306553626362,225494,742,1,59,Sacramento
78,212753626009,228675,582,1,101,San Diego
78,212753626009,228678,577,0,102,Los Angeles
84,106460396039,231246,750,1,,Sacramento
42954,312753626362,222190,5802,1,,Los Angeles
42954,312753626362,222192,5810,1,,Los Angeles
42954,312753626362,222194,5702,1,,Los Angeles
78,112760126362,228700,794,1,146,San Diego
42954,312753626362,222196,5710,1,,Los Angeles
94,206253626016,208452,607,0,23,Harrisburg
42954,312753626362,222202,5910,1,,Santa Monica
78,212753626008,228698,794,1,146,San Diego
78,106760096011,228699,794,1,147,Los Angeles
84,106560456362,231250,736,1,59,Sacramento
94,106260206044,208454,607,0,23,Harrisburg
94,106260486093,208456,607,0,23,Harrisburg
84,106560106038,231248,736,1,59,Sacramento
42954,312753626362,229482,6318,1,,Martinez
42954,312753626362,229485,6316,1,,Martinez
42954,312753626362,222208,5712,1,,Los Angeles
42954,312753626362,222210,5714,1,,Los Angeles
42954,312753626362,222212,5812,1,,Los Angeles
42954,312753626362,222275,3815,0,,Davis
94,106260486362,208526,639,0,24,Philadelphia
42954,312753626362,222325,3817,0,,Davis
42954,312753626362,213571,4761,0,,Oakland
42954,312753626362,213574,4765,0,,Oakland
42954,312753626362,213577,4769,0,,Oakland
42954,312753626362,213580,4770,1,,Santa Barbara
42954,312753626362,213583,4784,1,,Santa Barbara
42954,312753626362,213586,4785,0,,Oakland
42954,312753626362,213592,4790,1,,Santa Barbara
88,106260486362,225524,174,0,264,Boston
42954,312753626362,222214,5914,1,,Santa Monica
42954,312753626362,222216,5716,1,,Los Angeles
41042,106260486362,208327,474,0,319,Springfield
41044,106260486362,208337,425,1,320,Springfield
42951,112760056362,220046,306,0,254,Chicago
88,106260486362,211430,137,1,260,Washington
42951,212753626004,220045,306,0,254,Chicago
88,106260486362,211456,193,1,267,Washington
41042,206253626016,208302,470,0,319,Springfield
41042,106260206044,208304,470,0,319,Springfield
41042,206253626016,208313,473,1,318,New Haven
41042,106260206044,208315,473,1,318,New Haven
88,300353626362,211500,65,1,84,Newport News
41042,206253626016,208323,474,0,319,Springfield
41042,106260206044,208325,474,0,319,Springfield
41044,206253626016,208333,425,1,320,Springfield
41044,106260206044,208335,425,1,320,Springfield
88,206253626016,220053,119,1,267,Washington
88,106260206044,220055,119,1,267,Washington
84,106560456362,231220,729,0,357,San Jose
78,112760126362,228651,785,0,149,Goleta
84,106560456362,231224,733,0,230,San Jose
41042,106260486362,208347,475,1,318,New Haven
41044,106260486362,208367,479,1,315,New Haven
41042,106260486362,208378,490,0,319,Springfield
41044,106260486362,208388,494,0,316,Greenfield
41044,106260486362,208398,495,1,,New Haven
78,212753626009,228649,785,0,149,Goleta
41044,106260486362,208416,486,0,316,Greenfield
78,106560106011,228650,785,0,,Goleta
88,206253626016,211426,137,1,260,Washington
88,106260206044,211428,137,1,260,Washington
88,106260486362,220057,119,1,267,Washington
88,206253626016,211452,193,1,267,Washington
88,106260206044,211454,193,1,267,Washington
84,206553626038,231218,729,0,357,San Jose
84,106460396039,231219,729,0,357,San Jose
84,206553626038,231222,733,0,230,San Jose
78,112760126362,228659,779,0,148,San Luis Obispo
42954,312753626362,222141,5713,0,,Bakersfield
84,106460396039,231223,733,0,230,San Jose
41042,206253626016,208343,475,1,318,New Haven
88,206253626009,224188,114,0,237,New York
78,212753626009,228681,572,1,101,San Diego
84,106560456362,231236,734,1,64,Sacramento
42954,312753626362,222172,5811,0,,Bakersfield
75,100160666066,229370,1008,1,186,Chicago
42994,100160666066,229375,1040,0,385,Chicago
42994,100160666066,229380,1041,1,384,Miami
78,112760126362,228689,761,0,148,San Luis Obispo
84,206553626038,231234,734,1,64,Sacramento
75,100160666066,229386,1027,0,241,Portland
51,100160666066,229391,1004,1,118,Chicago
75,100160666066,229402,1007,0,184,Seattle
84,106460396039,231235,734,1,64,Sacramento
84,106560456362,231240,746,1,64,Sacramento
88,106260486362,220092,129,1,267,Washington
78,212753626009,228687,761,0,148,San Luis Obispo
78,106560106011,228688,761,0,150,San Luis Obispo
75,100160666066,229411,1028,1,243,Chicago
94,106260486362,208436,601,0,25,Harrisburg
84,306553626362,225497,744,1,63,Auburn
78,112760126362,228692,595,0,102,Los Angeles
96,100160666066,229422,1006,1,174,Chicago
78,112760126362,228695,562,1,101,San Diego
84,206553626038,231238,746,1,64,Sacramento
84,106460396039,231239,746,1,64,Sacramento
96,100160666066,229427,1005,0,173,Emeryville
94,106260966362,208457,607,0,25,Harrisburg
78,212753626009,228690,595,0,102,Los Angeles
84,106560456362,231245,748,1,64,Sacramento
78,106560106011,228691,595,0,,Los Angeles
78,212753626009,228693,562,1,101,San Diego
78,106560106011,228694,562,1,,Irvine
88,206253626016,220088,129,1,267,Washington
88,106260206044,220090,129,1,267,Washington
84,206553626003,231242,748,1,64,Sacramento
84,106560046038,231243,748,1,64,Sacramento
84,106460396039,231244,748,1,64,Sacramento
94,206253626016,208432,601,0,25,Harrisburg
94,106260206044,208434,601,0,25,Harrisburg
88,106260206044,220134,130,0,237,New York
40751,106260486362,231288,2163,1,324,Washington
42954,312753626362,194956,5014,1,,Emeryville
42954,312753626362,222240,3811,0,,Davis
69,212753626011,225562,89,1,103,Savannah
69,112760126067,225563,89,1,103,Savannah
69,112760686097,225564,89,1,103,Savannah
40751,106260056016,231284,2163,1,324,Washington
40751,106260206044,231286,2163,1,324,Washington
42954,312753626362,222246,3813,0,,Davis
84,106260056362,231294,544,1,64,Sacramento
85,105760986362,225586,80,0,177,New York
85,107060996362,225587,80,0,177,New York
88,106260486362,219572,111,1,267,Washington
40751,106260486362,220175,2122,0,328,New York
85,207053626011,225578,80,0,177,New York
85,205753626010,225579,80,0,177,New York
85,105760126031,225580,80,0,177,New York
85,107060156032,225581,80,0,177,New York
85,105760336066,225582,80,0,177,New York
85,107060366067,225583,80,0,177,New York
85,105760686097,225584,80,0,177,New York
85,107060716095,225585,80,0,177,New York
40751,106260486362,229559,2170,0,327,Boston
84,106260056362,231300,525,0,61,Oakland
88,206253626016,219568,111,1,267,Washington
88,106260206044,219570,111,1,267,Washington
40751,206253626016,220171,2122,0,328,New York
42954,312753626362,222248,3865,0,,Stockton
40751,106260206044,220173,2122,0,328,New York
40751,206253626016,229555,2170,0,327,Boston
40751,106260206044,229557,2170,0,327,Boston
40751,106260486362,231308,2117,1,326,Washington
40751,106260486362,231316,2104,0,328,New York
40751,106260486362,231325,2121,1,326,Washington
40751,106260486362,231334,2108,0,328,New York
42954,312753626362,220179,4794,1,,San Luis Obispo
42954,112760126362,225596,6098,0,,Orlando
42985,300153626362,222461,9675,1,,Washington
40751,106260486362,219587,2166,0,327,Boston
42954,312753626362,222463,3602,0,,Sacramento
40751,206253626016,231304,2117,1,326,Washington
40751,106260206044,231306,2117,1,326,Washington
40751,206253626016,231312,2104,0,328,New York
40751,106260206044,231314,2104,0,328,New York
40751,106260056016,231321,2121,1,326,Washington
40751,106260206044,231323,2121,1,326,Washington
40751,106260056016,231330,2108,0,328,New York
40751,106260206044,231332,2108,0,328,New York
42954,212753626011,225595,6098,0,,Orlando
40751,206253626016,219583,2166,0,327,Boston
40751,106260206044,219585,2166,0,327,Boston
42985,300153626362,222468,9685,1,,Washington
58,107460706362,225602,51,0,188,Chicago
40751,106460326362,231344,2256,0,327,Boston
58,207453626011,225600,51,0,188,Chicago
58,107460146067,225601,51,0,188,Chicago
42954,112760686362,219590,5011,0,,San Francisco
42954,112760686362,219593,3511,1,,Salinas
42954,112760686362,219596,3611,0,,Carmel
31849,312753626362,220191,7097,1,,Canadian Border
31849,312753626362,220196,7098,0,,Toronto
88,306553626362,215335,156,0,339,New York
36921,312753626362,215966,238,1,245,New York
36921,312753626362,215967,235,0,248,Rensselaer
42954,212753626066,219588,5011,0,,San Francisco
42954,106460676067,219589,5011,0,,San Francisco
42954,212753626066,219591,3511,1,,Salinas
84,106260056362,225609,545,0,61,Oakland
42954,106460676067,219592,3511,1,,Salinas
42954,212753626066,219594,3611,0,,Carmel
40751,106460116011,231340,2256,0,327,Boston
40751,103260196019,231342,2256,0,327,Boston
40751,106460256025,231343,2256,0,327,Boston
42954,106460676067,219595,3611,0,,Carmel
88,103260196019,215337,156,0,339,New York
88,103260476047,215338,156,0,339,New York
42985,300153626362,222474,9494,0,,Baltimore
42985,306553626362,222476,9491,1,,Washington
42985,306553626362,222490,9495,1,,Washington
42985,300153626362,222492,9497,1,,Washington
42985,300153626362,222514,9696,0,,Martin Airport
42985,300153626362,222516,9698,0,,Martin Airport
42985,300153626362,222534,9688,0,,Martin Airport
42985,306553626362,222568,9487,1,,Washington
42985,306553626362,222570,9490,0,,Baltimore
88,306553626362,220294,143,1,259,Washington
42985,300253626362,222615,9589,1,,Washington
42985,300253626362,222622,9453,1,,Washington
42946,112760676362,215998,58,0,74,Chicago
88,103260196019,220296,143,1,259,Washington
88,103260476047,220297,143,1,259,Washington
41080,312753626362,222675,3761,0,,Redding
42946,212753626065,215996,58,0,74,Chicago
42946,100160666066,215997,58,0,74,Chicago
84,106260056362,225639,543,0,230,San Jose
42954,112760056362,231414,3524,1,,Reno
42954,112760056362,231417,3549,0,,Sacramento
40751,106560526362,231399,2259,1,324,Washington
42954,212753626003,231412,3524,1,,Reno
42954,106460046004,231413,3524,1,,Auburn
42954,212753626003,231415,3549,0,,Sacramento
42954,106460046004,231416,3549,0,,Sacramento
40751,206453626004,231393,2259,1,324,Washington
40751,100160106045,231394,2259,1,324,Washington
40751,106460116039,231395,2259,1,324,Washington
40751,103260196019,231396,2259,1,324,Washington
40751,103260476047,231398,2259,1,324,Washington
42954,106560106362,231420,3591,0,,Sacramento
72,112760056362,225649,381,0,69,Quincy
85,112760986362,229789,79,1,178,Charlotte
88,106560176362,229801,155,1,158,Norfolk
42954,207153626003,231418,3591,0,,Sacramento
42954,106460046004,231419,3591,0,,Sacramento
85,212753626009,229783,79,1,178,Charlotte
85,106560106011,229784,79,1,178,Charlotte
85,106260126023,229785,79,1,178,Charlotte
85,106560176025,229786,79,1,178,Charlotte
88,206253626009,225519,174,0,90,Boston
88,106260126016,225520,174,0,264,Boston
88,106260206044,225522,174,0,264,Boston
40751,106260486362,231271,2151,1,324,Washington
40751,106260486362,231279,2168,0,327,Boston
88,100160246362,225541,107,1,267,Washington
40751,106260486362,229504,2154,0,327,Boston
88,206553626018,225538,107,1,267,Washington
88,103260476047,225543,107,1,267,Washington
40751,206253626016,231275,2168,0,327,Boston
40751,106260206044,231277,2168,0,327,Boston
94,206253626016,208522,639,0,24,Philadelphia
58,102160696362,225558,50,1,187,New York
94,106260206044,208524,639,0,24,Philadelphia
42954,312753626362,213667,4967,0,,Fullerton
58,202153626010,225555,50,1,187,New York
58,102160136064,225556,50,1,187,New York
42954,312753626362,213670,4968,1,,Palm Springs
42954,312753626362,213673,4984,1,,Indio
42954,312753626362,213676,4985,0,,Fullerton
58,100160666066,225557,50,1,187,New York
88,106260486362,220136,130,0,237,New York
69,112760986362,225565,89,1,103,Savannah
88,206253626016,220132,130,0,237,New York
85,112760266067,229787,79,1,178,Charlotte
85,112760686097,229788,79,1,178,Charlotte
72,212753626004,225648,381,0,69,Quincy
88,206953626004,229799,155,1,267,Washington
88,106560106011,229800,155,1,267,Washington
88,103260196019,229802,155,1,158,Norfolk
88,103260476047,229803,155,1,158,Norfolk
42954,106560106362,231423,3584,1,,Sparks
42954,207153626003,231421,3584,1,,Sparks
42954,106460046004,231422,3584,1,,Auburn
88,106560526362,229810,195,1,260,Washington
64,112761526362,229815,43,0,105,Pittsburgh
54,312753626362,224557,335,0,19,Milwaukee
54,312753626362,224561,338,1,20,Chicago
88,206953626004,229804,195,1,353,Richmond
88,106560106011,229805,195,1,353,Richmond
88,106560176025,229806,195,1,260,Washington
88,103260196019,229807,195,1,260,Washington
88,106560316046,229808,195,1,260,Washington
88,103260476047,229809,195,1,260,Washington
64,212753626004,229811,43,0,105,Pittsburgh
64,106260056023,229812,43,0,105,Pittsburgh
64,106560106025,229813,43,0,105,Pittsburgh
64,112760266151,229814,43,0,105,Pittsburgh
42985,300253626362,222774,9452,0,,Baltimore
94,106561576362,229846,665,0,23,Harrisburg
88,106560526362,229855,99,1,84,Newport News
94,206953626004,229841,665,0,23,Harrisburg
94,106560106025,229842,665,0,23,Harrisburg
94,103260196019,229843,665,0,23,Harrisburg
94,106560316151,229844,665,0,23,Harrisburg
94,103260476047,229845,665,0,23,Harrisburg
88,206953626004,229847,99,1,84,Newport News
88,100160106010,229848,99,1,84,Newport News
88,106460116025,229849,99,1,84,Newport News
88,100160176024,229850,99,1,84,Newport News
88,103260196019,229851,99,1,84,Newport News
88,100160316045,229852,99,1,84,Newport News
88,106460326046,229853,99,1,84,Newport News
60,312753626362,216087,506,0,290,Seattle
88,103260476047,229854,99,1,84,Newport News
88,106560526362,229881,161,1,260,Washington
88,206953626004,229873,161,1,260,Washington
88,100160106010,229874,161,1,260,Washington
88,106460116025,229875,161,1,260,Washington
88,100160176024,229876,161,1,260,Washington
88,103260196019,229877,161,1,260,Washington
88,100160316045,229878,161,1,260,Washington
88,106460326046,229879,161,1,260,Washington
88,103260476047,229880,161,1,260,Washington
42985,300153626362,222572,9476,0,,Baltimore
42985,300153626362,222574,9480,0,,Baltimore
42985,306553626362,222576,9482,0,,Baltimore
42985,300153626362,222578,9492,0,,Baltimore
42985,300153626362,222580,9499,1,,Washington
42985,300153626362,222582,9689,1,,Washington
42954,312753626362,222585,3717,0,,Chico
42985,300153626362,222590,9481,1,,Washington
87,112760676362,220255,21,0,272,San Antonio
63,312753626362,225626,391,1,110,Carbondale
63,312753626362,225632,390,0,109,Chicago
87,212753626004,220252,21,0,272,San Antonio
87,112760056065,220253,21,0,272,San Antonio
87,100160666066,220254,21,0,272,San Antonio
41044,106260486362,208788,471,1,,New Haven
41044,206253626016,208784,471,1,,New Haven
41044,106260206044,208786,471,1,,New Haven
42935,112760156362,231378,8396,1,,Milwaukee
42935,112760156362,231381,8391,0,,St. Paul
88,206953626004,229980,150,0,356,Boston
88,100160106010,229981,150,0,356,Boston
88,106460116011,229982,150,0,356,Boston
88,106560176025,229983,150,0,356,Boston
88,103260196019,229984,150,0,356,Boston
88,106560316038,229985,150,0,356,Boston
88,106460396039,229986,150,0,356,Boston
88,103260476047,229988,150,0,356,Boston
90,106560526362,229994,54,0,191,St Albans
90,206953626004,229989,54,0,191,St Albans
42958,112760126362,224615,6189,1,,Jacksonville
42958,112760126362,224617,6190,0,,Wilson
90,106560106025,229990,54,0,191,St Albans
90,103260196019,229991,54,0,191,St Albans
90,106560316046,229992,54,0,191,St Albans
90,103260476047,229993,54,0,191,St Albans
88,106460536362,230015,120,0,237,New York
40751,106560526362,230027,2248,0,327,Boston
42958,212753626011,224614,6189,1,,Wilmington
42958,212753626011,224616,6190,0,,Wilson
88,206453626004,230007,120,0,237,New York
88,106460116011,230008,120,0,237,New York
88,103260196019,230010,120,0,237,New York
88,106460256025,230011,120,0,237,New York
88,106460326039,230012,120,0,237,New York
88,103260476047,230014,120,0,237,New York
40751,200153626003,230016,2248,0,327,Boston
40751,206453626004,230017,2248,0,327,Boston
40751,106560106011,230019,2248,0,327,Boston
40751,100160176017,230020,2248,0,327,Boston
40751,106560186025,230021,2248,0,327,Boston
40751,103260196019,230022,2248,0,327,Boston
40751,100160316038,230023,2248,0,327,Boston
40751,106460326046,230024,2248,0,327,Boston
40751,100160456045,230025,2248,0,327,Boston
40751,103260476047,230026,2248,0,327,Boston
40751,100160526362,230038,2250,0,327,Boston
40751,106460536362,230039,2250,0,327,Boston
36921,312753626362,214267,280,1,280,New York
42985,306253626362,225732,9443,1,,Washington
42985,306253626362,225736,9435,1,,Washington
40751,200553626003,230028,2250,0,327,Boston
40751,206453626004,230029,2250,0,327,Boston
40751,100160106024,230030,2250,0,327,Boston
40751,106460116011,230031,2250,0,327,Boston
40751,106460186018,230032,2250,0,327,Boston
40751,103260196019,230033,2250,0,327,Boston
40751,106460256039,230034,2250,0,327,Boston
42985,306253626362,225768,9421,1,,Washington
40751,100160316045,230035,2250,0,327,Boston
40751,106460466046,230036,2250,0,327,Boston
40751,103260476047,230037,2250,0,327,Boston
42985,306253626362,225784,9525,1,,Washington
42985,306253626362,225788,9403,1,,Washington
42985,306253626362,225792,9407,1,,Washington
42985,306253626362,225796,9613,1,,Baltimore
42985,306253626362,225804,9579,1,,Baltimore
42985,306253626362,225808,9413,1,,Washington
42985,306253626362,225820,9431,1,,Washington
42985,306253626362,225828,9427,1,,Washington
42985,306253626362,225840,9583,1,,Baltimore
88,100160526362,230051,194,0,264,Boston
40751,100160316362,230054,2214,0,328,New York
94,106561576362,230060,666,1,21,New York
88,100160316362,230065,82,0,264,Boston
88,200553626003,230045,194,0,90,Boston
88,100160106010,230046,194,0,90,Boston
88,100160176024,230047,194,0,264,Boston
88,106460186018,230048,194,0,264,Boston
88,100160316045,230049,194,0,264,Boston
88,106460466046,230050,194,0,264,Boston
40751,100160106024,230052,2214,0,328,New York
40751,106460186018,230053,2214,0,328,New York
94,206953626004,230055,666,1,21,New York
94,106560106025,230056,666,1,21,New York
94,103260196019,230057,666,1,21,New York
42954,312753626362,222798,3801,0,,Stockton
94,106561576362,229887,667,0,23,Harrisburg
88,106560316362,229891,87,1,342,Norfolk
42954,312753626362,222799,3701,0,,Chico
88,106260486362,220402,176,0,264,Boston
88,206253626016,220398,176,0,264,Boston
88,106260206044,220400,176,0,264,Boston
94,206953626004,229882,667,0,23,Harrisburg
94,106560106025,229883,667,0,23,Harrisburg
94,103260196019,229884,667,0,23,Harrisburg
94,106560316151,229885,667,0,23,Harrisburg
94,103260476047,229886,667,0,23,Harrisburg
88,206953626004,229888,87,1,342,Norfolk
88,106560106025,229889,87,1,342,Norfolk
88,103260196019,229890,87,1,342,Norfolk
88,103260476047,229892,87,1,342,Norfolk
94,106261526362,229902,640,1,21,New York
86,312753626362,211995,821,1,17,Fort Worth
94,106260056016,229897,640,1,21,New York
94,106260206044,229899,640,1,21,New York
94,106260486149,229901,640,1,21,New York
87,108260676362,220410,421,0,193,Los Angeles
88,106460536362,229917,189,1,267,Washington
87,208253626004,220407,421,0,193,Los Angeles
87,108260066062,220408,421,0,193,Los Angeles
87,100260656065,220409,421,0,193,Los Angeles
88,206453626004,229909,189,1,267,Washington
88,106460116011,229910,189,1,267,Washington
88,103260196019,229912,189,1,267,Washington
88,106460256025,229913,189,1,267,Washington
88,106460326039,229914,189,1,267,Washington
88,103260476047,229916,189,1,267,Washington
88,306553626362,214158,169,1,355,Philadelphia
88,106560316362,229929,165,1,260,Washington
88,106560526362,229936,135,1,260,Washington
88,106460536362,229945,139,1,260,Washington
94,106561576362,229951,669,0,23,Harrisburg
88,106460536362,229960,149,1,260,Washington
88,206953626004,229926,165,1,260,Washington
88,106560106025,229927,165,1,260,Washington
88,103260196019,229928,165,1,260,Washington
88,103260476047,229930,165,1,260,Washington
88,206953626004,229931,135,1,260,Washington
88,106560106025,229932,135,1,260,Washington
88,103260196019,229933,135,1,260,Washington
88,106560316046,229934,135,1,260,Washington
88,103260476047,229935,135,1,260,Washington
88,206453626004,229937,139,1,260,Washington
88,106460116011,229938,139,1,260,Washington
88,103260196019,214160,169,1,355,Philadelphia
88,103260196019,229940,139,1,260,Washington
88,106460256025,229941,139,1,260,Washington
88,106460326039,229942,139,1,260,Washington
88,103260476047,214161,169,1,355,Philadelphia
88,103260476047,229944,139,1,260,Washington
94,206953626004,229946,669,0,23,Harrisburg
94,106560106025,229947,669,0,23,Harrisburg
94,103260196019,229948,669,0,23,Harrisburg
94,106560316151,229949,669,0,23,Harrisburg
94,103260476047,229950,669,0,23,Harrisburg
88,206453626004,229952,149,1,260,Washington
88,106460116011,229953,149,1,260,Washington
88,103260196019,229955,149,1,260,Washington
88,106460256025,229956,149,1,260,Washington
88,106460326039,229957,149,1,260,Washington
88,103260476047,229959,149,1,260,Washington
40751,106460536362,215490,2258,0,327,Boston
87,112760676362,220422,22,1,274,Chicago
87,212753626004,220419,22,1,274,Chicago
87,112760056065,220420,22,1,274,Chicago
87,100160666066,220421,22,1,274,Chicago
40751,206453626011,215483,2258,0,327,Boston
40751,103260196019,215486,2258,0,327,Boston
40751,106460256039,215487,2258,0,327,Boston
40751,103260476047,215489,2258,0,327,Boston
88,106560456362,229987,150,0,356,Boston
42954,312753626362,225715,3711,0,,Chico
42954,312753626362,225718,3713,0,,Chico
42951,312753626362,196500,300,0,254,Chicago
42951,312753626362,196503,305,1,256,St. Louis
42954,312753626362,225721,3819,0,,Davis
42954,312753626362,225724,3715,0,,Sacramento
88,206253626016,218444,125,1,346,Newport News
88,106260206044,218446,125,1,346,Newport News
94,103260476047,230109,674,1,21,New York
88,106260486362,224684,85,1,260,Washington
94,100160946150,230110,674,1,21,New York
42985,306253626362,225964,9585,1,,Baltimore
88,206953626004,230112,158,0,349,New York
88,106560106025,230113,158,0,349,New York
88,103260196019,230114,158,0,349,New York
42985,306253626362,225972,9502,0,,Perryville
42985,306253626362,225976,9612,0,,Martin Airport
42985,306253626362,225980,9520,0,,Perryville
88,103260476047,230116,158,0,349,New York
42954,312753626362,223037,6611,0,,San Francisco
88,206253626009,224679,85,1,353,Richmond
88,106260126016,224680,85,1,260,Washington
88,106260206044,224682,85,1,260,Washington
41042,306553626362,218472,460,0,319,Springfield
41042,103260196019,218475,460,0,319,Springfield
41042,103260476047,218476,460,0,319,Springfield
88,106460536362,230136,123,1,,Philadelphia
88,206853626004,230128,123,1,,Philadelphia
88,106460116011,230129,123,1,,Philadelphia
88,103260196019,230131,123,1,,Philadelphia
88,106460256025,230132,123,1,,Philadelphia
88,106460326039,230133,123,1,,Philadelphia
88,103260476047,230135,123,1,,Philadelphia
42954,212753626004,223081,6610,1,,Emeryville
40751,206453626011,209242,2290,0,325,Boston
40751,103260196019,209245,2290,0,325,Boston
40751,106460256039,209246,2290,0,325,Boston
42954,312753626362,223062,6617,0,,San Francisco
42954,112760056362,223082,6610,1,,Emeryville
42954,312753626362,223096,6619,0,,San Francisco
94,106560316151,230058,666,1,21,New York
94,103260476047,230059,666,1,21,New York
88,200553626003,230061,82,0,341,Boston
88,100160106010,230062,82,0,341,Boston
88,100160176024,230063,82,0,264,Boston
88,106460186018,230064,82,0,264,Boston
88,106460466046,230066,82,0,264,Boston
94,106561576362,230077,672,1,21,New York
88,106560466362,230089,146,0,258,Springfield
94,206953626004,230072,672,1,21,New York
94,106560106025,230073,672,1,21,New York
94,103260196019,230074,672,1,21,New York
94,106560316151,230075,672,1,21,New York
94,103260476047,230076,672,1,21,New York
88,206953626004,230084,146,0,258,Springfield
88,100160106045,230085,146,0,258,Springfield
88,106460116025,230086,146,0,258,Springfield
88,103260196019,230087,146,0,258,Springfield
88,106460326039,230088,146,0,258,Springfield
88,103260476047,230090,146,0,258,Springfield
88,206453626004,230091,166,0,264,Boston
88,106460116011,230092,166,0,264,Boston
88,103260196019,230094,166,0,264,Boston
88,106460256025,230095,166,0,264,Boston
88,106460326039,230096,166,0,264,Boston
88,103260476047,230098,166,0,264,Boston
42985,306253626362,225848,9448,0,,Baltimore
42985,306253626362,225856,9544,0,,Perryville
40751,106460536362,216307,2275,1,324,Washington
42985,306253626362,225888,9652,0,,Perryville
42985,306253626362,225892,9424,0,,Baltimore
42985,306253626362,225908,9634,0,,Martin Airport
42985,306253626362,225912,9642,0,,Martin Airport
40751,206453626011,216301,2275,1,324,Washington
40751,103260196019,216303,2275,1,324,Washington
40751,106460256039,216304,2275,1,324,Washington
40751,103260476047,216306,2275,1,324,Washington
36921,312753626362,218451,239,0,248,Rensselaer
42985,306253626362,225928,9410,0,,Baltimore
88,106460536362,230099,166,0,264,Boston
42985,306253626362,225936,9416,0,,Baltimore
88,100160316362,230103,142,0,237,New York
41044,306553626362,218456,461,1,315,New Haven
94,100161576362,230111,674,1,21,New York
88,106560316362,230115,158,0,349,New York
88,106260486362,224664,141,1,259,Washington
88,106260486362,214327,138,0,349,New York
88,106260486362,214359,95,1,342,Norfolk
88,106260486362,218448,125,1,346,Newport News
41044,103260196019,218459,461,1,315,New Haven
41044,103260476047,218460,461,1,315,New Haven
88,206253626009,224659,141,1,348,Norfolk
88,106260126016,224660,141,1,259,Washington
88,106260206044,224662,141,1,259,Washington
42985,306253626362,225948,9426,0,,Baltimore
42985,106060056362,225952,9455,1,,Washington
88,200553626003,230100,142,0,237,New York
88,100160106024,230101,142,0,237,New York
88,106460186018,230102,142,0,237,New York
88,106460466046,230104,142,0,237,New York
94,206953626004,230105,674,1,21,New York
94,106560106025,230106,674,1,21,New York
94,103260196019,230107,674,1,21,New York
61,306253626362,216329,688,1,153,Boston
88,206253626016,214323,138,0,349,New York
88,106260206044,214325,138,0,349,New York
94,106560316088,230108,674,1,21,New York
61,306253626362,216335,686,1,153,Boston
61,306253626362,216341,681,0,152,Brunswick
61,306253626362,216346,683,0,152,Brunswick
88,206253626016,214355,95,1,342,Norfolk
88,106260206044,214357,95,1,342,Norfolk
40751,106460536362,209249,2290,0,325,Boston
40751,103260476047,209248,2290,0,325,Boston
88,106560466362,230157,128,0,349,New York
88,206953626004,230151,128,0,237,New York
88,106560106011,230152,128,0,237,New York
88,100160176017,230153,128,0,349,New York
88,106560186025,230154,128,0,349,New York
88,103260196019,230155,128,0,349,New York
88,106560316045,230156,128,0,349,New York
88,103260476047,230158,128,0,349,New York
42954,312753626362,223146,6614,1,,Emeryville
42954,312753626362,223180,6615,0,,San Francisco
42954,312753626362,223182,6616,1,,Emeryville
42954,312753626362,223191,6613,0,,San Francisco
60,312753626362,209338,507,1,292,Eugene
60,312753626362,209341,508,0,289,Seattle
42948,306553626362,230289,3690,1,,New London
42948,306553626362,230291,3692,1,,New London
42948,306553626362,230293,3610,1,,New London
75,112761226362,218576,27,0,241,Portland
42948,306553626362,230295,3652,1,,New London
42912,112760706362,191735,8003,0,,Las Vegas
42948,306553626362,230297,3034,1,,New London
42948,306553626362,230299,3604,1,,New London
42948,306553626362,230301,3644,1,,New London
42948,306553626362,230303,3618,1,,New London
75,112761226362,218595,7,0,184,Seattle
86,312753626362,212158,822,0,18,Oklahoma City
75,212753626064,218572,27,0,241,Portland
75,100260656065,218573,27,0,241,Portland
75,112760676121,218575,27,0,241,Portland
42912,212753626068,191733,8003,0,,Las Vegas
42912,101660696069,191734,8003,0,,Las Vegas
36921,312753626362,196911,236,1,245,New York
75,212753626064,218591,7,0,184,Seattle
75,100260656065,218592,7,0,184,Seattle
42948,306553626362,230305,3699,0,,New Haven
75,112760676121,218594,7,0,184,Seattle
42948,306553626362,230311,3655,0,,New Haven
42948,306553626362,230313,3663,0,,New Haven
42948,306553626362,230315,3613,0,,New Haven
42948,306553626362,230317,3621,0,,New Haven
42948,306553626362,230319,3637,0,,New Haven
42948,306553626362,230321,3629,0,,New Haven
42948,306553626362,230335,3645,0,,New Haven
81,112760676362,196994,49,0,128,Chicago
42996,312753626362,191395,26,1,386,Mobile Amtrak Sta
42996,312753626362,191397,24,1,386,Mobile Amtrak Sta
42996,312753626362,191399,23,0,387,New Orleans
42996,312753626362,191401,25,0,387,New Orleans
36921,312753626362,196932,240,1,245,New York
87,107460676362,220618,422,1,195,Chicago
41042,106460536362,216443,409,1,318,New Haven
41042,106460536362,216453,465,1,318,New Haven
41042,300153626362,216458,463,1,318,New Haven
41042,300153626362,216466,467,1,318,New Haven
75,112761226362,218608,8,1,186,Chicago
87,106460046004,220616,422,1,195,Chicago
87,107460076065,220617,422,1,195,Chicago
75,212753626064,218604,8,1,186,Chicago
75,100260656065,218605,8,1,186,Chicago
75,112760676121,218607,8,1,186,Chicago
81,212753626065,196992,49,0,128,Chicago
81,100160666066,196993,49,0,128,Chicago
41042,206453626011,216436,409,1,318,New Haven
41042,103260196019,216439,409,1,318,New Haven
41042,106460256039,216440,409,1,318,New Haven
41042,103260476047,216442,409,1,318,New Haven
41042,206453626011,216446,465,1,318,New Haven
41042,103260196019,216449,465,1,318,New Haven
41042,106460256039,216450,465,1,318,New Haven
41042,103260476047,216452,465,1,318,New Haven
41042,106460186018,216460,463,1,318,New Haven
41042,106460466046,216461,463,1,318,New Haven
41042,106460186018,216468,467,1,318,New Haven
41042,106460466046,216469,467,1,318,New Haven
75,212753626064,218613,28,1,243,Chicago
75,100260656065,218614,28,1,243,Chicago
75,112760676121,218616,28,1,243,Chicago
42946,212753626065,218619,59,1,73,New Orleans
42946,100160666066,218620,59,1,73,New Orleans
75,112761226362,218617,28,1,243,Chicago
42946,112760676362,218621,59,1,73,New Orleans
81,112760676362,218650,48,1,127,New York
81,112760676362,218655,448,1,126,Boston
42947,112760986362,218660,97,1,114,Miami
42948,306253626362,230344,1610,1,,New London
42948,306253626362,230348,1602,1,,New London
41042,103260196019,216484,450,0,319,Springfield
41042,103260476047,216485,450,0,319,Springfield
41042,206453626011,216488,497,1,318,New Haven
41042,103260196019,216491,497,1,318,New Haven
41042,106460256039,216492,497,1,318,New Haven
41042,103260476047,216494,497,1,318,New Haven
42948,306253626362,230352,1652,1,,New London
42948,306253626362,230356,1606,1,,New London
42948,306253626362,230360,1640,1,,New London
42948,306253626362,230368,1600,1,,New London
42948,306253626362,230372,1632,1,,New London
42948,306253626362,230376,1638,1,,New London
42948,306253626362,230380,1634,1,,New London
81,212753626065,218648,48,1,127,New York
81,100160666066,218649,48,1,127,New York
81,212753626065,218653,448,1,126,Boston
81,100160666066,218654,448,1,126,Boston
42947,212753626065,218657,97,1,114,Miami
42947,100160666066,218658,97,1,114,Miami
42947,112760676097,218659,97,1,114,Miami
42948,306253626362,230388,1604,1,,New London
88,106560956362,218694,124,0,381,New York
42954,212753626066,218778,5005,0,,San Francisco
42954,109660676068,218779,5005,0,,San Francisco
40751,106460116011,230246,2207,1,326,Washington
40751,109660196025,230248,2207,1,326,Washington
40751,106260056016,230250,2171,1,324,Washington
41044,103260196019,216543,488,0,316,Greenfield
41044,103260476047,216544,488,0,316,Greenfield
61,106560946362,220752,699,0,152,Brunswick
88,206553626094,218690,124,0,,Philadelphia
88,103260196019,218692,124,0,,Philadelphia
88,103260476047,218693,124,0,,Philadelphia
79,112760336362,212231,76,1,107,Raleigh
61,106460046004,220746,699,0,152,Brunswick
61,106560116039,220747,699,0,152,Brunswick
61,106560526080,220749,699,0,152,Brunswick
61,100160876087,220751,699,0,152,Brunswick
79,212753626032,212230,76,1,107,Raleigh
42985,306253626362,226203,9511,1,,Washington
42985,306253626362,226210,9679,1,,Washington
42985,306253626362,226217,9439,1,,Washington
42985,306253626362,226224,9505,1,,Washington
42985,306253626362,226230,9449,1,,Washington
42954,312753626362,223286,3802,1,,Sacramento
42954,312753626362,223288,3710,1,,Stockton
42954,312753626362,223290,3810,1,,Stockton
42985,306253626362,226237,9447,1,,Washington
42985,306253626362,226242,9537,1,,Washington
42985,306253626362,226249,9419,1,,Washington
42985,306253626362,226256,9423,1,,Washington
42985,306253626362,226262,9517,1,,Washington
39626,206753626004,218860,1106,1,,Denver
39626,107160086088,218861,1106,1,,Denver
39626,206753626004,218862,1105,0,,Fraser
88,106460536362,224869,96,0,264,Boston
42985,306253626362,226268,9641,0,,Washington
42985,306253626362,226275,9409,1,,Washington
42985,306253626362,226282,9415,1,,Washington
42985,306253626362,226289,9433,1,,Washington
42985,306253626362,226296,9429,1,,Washington
42985,306253626362,226303,9401,1,,Washington
42985,306253626362,226310,9445,1,,Washington
39626,107160086088,218863,1105,0,,Fraser
88,300153626362,206389,144,0,,New York
79,212753626032,212248,71,0,108,Charlotte
41044,306553626362,218752,499,1,320,Springfield
88,206453626011,224863,96,0,90,Boston
88,103260196019,224865,96,0,264,Boston
88,106460256039,224866,96,0,264,Boston
88,103260476047,224868,96,0,264,Boston
79,112760336362,212249,71,0,108,Charlotte
42954,312753626362,223292,3712,1,,Stockton
42954,312753626362,223305,3812,1,,Stockton
42954,312753626362,223309,3814,1,,Stockton
88,306553626362,216686,140,0,258,Springfield
41044,103260196019,218755,499,1,320,Springfield
41044,103260476047,218756,499,1,320,Springfield
42954,312753626362,223312,3816,1,,Stockton
88,103260196019,216688,140,0,258,Springfield
88,103260476047,216689,140,0,258,Springfield
88,106460186018,206391,144,0,,New York
88,106460466046,206392,144,0,,New York
90,306553626362,216696,57,1,190,Washington
42954,312753626362,223314,3718,1,,Stockton
42954,312753626362,223317,3716,1,,Stockton
88,106260486362,224899,134,0,237,New York
84,106260056362,224977,529,0,357,San Jose
90,103260196019,216698,57,1,190,Washington
90,103260476047,216699,57,1,190,Washington
88,206253626009,224894,134,0,339,New York
88,106260126016,224895,134,0,237,New York
88,106260206044,224897,134,0,237,New York
88,106560806362,230480,153,1,267,Washington
54,312753626362,218871,334,1,20,Chicago
54,312753626362,218873,331,0,19,Milwaukee
54,312753626362,218879,336,1,20,Chicago
54,312753626362,218881,339,0,19,Milwaukee
54,306353626362,218888,330,1,20,Chicago
54,312753626362,218895,332,1,20,Chicago
54,312753626362,218898,337,0,19,Milwaukee
88,206953626004,230471,153,1,158,Norfolk
88,106260056009,224793,84,0,349,New York
88,106260126016,224794,84,0,237,New York
88,106260206044,224796,84,0,237,New York
41042,306553626362,216481,450,0,319,Springfield
41042,106460536362,216495,497,1,318,New Haven
88,106260486362,224798,84,0,237,New York
36930,104160686362,218674,1,0,269,Los Angeles
36930,107460676362,218677,2,1,271,New Orleans
42994,112760986362,218767,40,0,385,Chicago
42920,312753626362,191508,8903,1,,Oklahoma City
36930,204153626063,218672,1,0,269,Los Angeles
36930,100160666066,218673,1,0,269,Los Angeles
36930,207453626065,218676,2,1,271,New Orleans
42994,212753626064,218763,40,0,385,Chicago
42994,100260656065,218764,40,0,385,Chicago
42994,112760676097,218766,40,0,385,Chicago
41042,306553626362,216504,464,0,319,Springfield
41042,106460536362,216528,416,0,319,Springfield
42994,112760986362,218777,41,1,384,Miami
41042,103260196019,216507,464,0,319,Springfield
41042,103260476047,216508,464,0,319,Springfield
41042,206453626011,216521,416,0,319,Springfield
41042,103260196019,216524,416,0,319,Springfield
41042,106460256039,216525,416,0,319,Springfield
41042,103260476047,216527,416,0,319,Springfield
42948,306253626362,230392,1681,0,,New Haven
42948,306253626362,230396,1691,0,,New Haven
42948,306253626362,230400,1695,0,,New Haven
42948,306253626362,230404,1687,0,,New Haven
42994,212753626064,218773,41,1,384,Miami
42948,306253626362,230408,1645,0,,New Haven
42948,306253626362,230412,1633,0,,New Haven
42948,306253626362,230416,1667,0,,New Haven
42994,100260656065,218774,41,1,384,Miami
42994,112760676097,218776,41,1,384,Miami
42948,306253626362,230420,1699,0,,New Haven
42948,306253626362,230424,1659,0,,New Haven
42948,306253626362,230428,1637,0,,New Haven
42954,112760696362,218780,5005,0,,San Francisco
40751,106460326362,230249,2207,1,326,Washington
40751,106260206362,230252,2171,1,324,Washington
41044,306553626362,216540,488,0,316,Greenfield
88,100160106010,230472,153,1,158,Norfolk
88,106460116011,230473,153,1,158,Norfolk
88,106560176025,230474,153,1,267,Washington
88,103260196019,230475,153,1,267,Washington
88,106560316038,230476,153,1,267,Washington
88,106460396039,230477,153,1,267,Washington
88,106560456074,230478,153,1,267,Washington
88,103260476047,230479,153,1,267,Washington
88,106460816362,230490,157,1,259,Washington
88,112760966362,224905,151,1,,Roanoke
88,206453626004,230481,157,1,348,Norfolk
88,106460116011,230482,157,1,348,Norfolk
88,103260196019,230484,157,1,259,Washington
88,106460256025,230485,157,1,259,Washington
88,106460326039,230486,157,1,259,Washington
88,212753626011,224903,151,1,,Roanoke
88,112760126095,224904,151,1,,Roanoke
88,103260476047,230488,157,1,259,Washington
88,106460536074,230489,157,1,259,Washington
88,100160806362,230496,147,1,,Roanoke
88,200553626003,230491,147,1,,Roanoke
88,100160106045,230492,147,1,,Roanoke
88,106460186018,230493,147,1,,Roanoke
88,106460466046,230494,147,1,,Roanoke
88,100160526073,230495,147,1,,Roanoke
88,106460816362,230506,105,1,267,Washington
88,206453626004,230497,105,1,267,Washington
88,106460116011,230498,105,1,267,Washington
88,103260196019,230500,105,1,267,Washington
88,106460256025,230501,105,1,267,Washington
88,106460326039,230502,105,1,267,Washington
88,103260476047,230504,105,1,267,Washington
88,106460536074,230505,105,1,267,Washington
88,106260756362,230514,175,1,260,Washington
80,306553626362,223340,350,1,52,Pontiac
80,306253626362,223342,350,1,52,Pontiac
88,106260056016,230509,175,1,260,Washington
88,106260206044,230511,175,1,260,Washington
88,106260486072,230513,175,1,260,Washington
51,112760676362,226493,3,0,270,Los Angeles
96,112760676362,226500,5,0,173,Emeryville
42985,306253626362,226440,9446,0,,Baltimore
42985,306253626362,226447,9548,0,,Perryville
84,106260056362,226487,549,0,61,Oakland
51,212753626064,226490,3,0,270,Los Angeles
51,100260656065,226491,3,0,270,Los Angeles
96,212753626004,226496,5,0,173,Emeryville
96,112760056064,226497,5,0,173,Emeryville
96,100260656065,226498,5,0,173,Emeryville
42954,312753626362,226448,5801,0,,Bakersfield
36921,103260196019,206630,245,0,248,Rensselaer
36921,103260476047,206631,245,0,248,Rensselaer
42951,312753626362,218961,302,0,254,Chicago
94,106261526362,226509,609,0,23,Harrisburg
36926,312753626362,218964,319,1,376,Kansas City
94,106260056016,226504,609,0,23,Harrisburg
94,106260206044,226506,609,0,23,Harrisburg
94,106260486149,226508,609,0,23,Harrisburg
36949,312753626362,218968,291,0,371,Burlington
94,106261526362,226522,642,1,21,New York
94,106261526362,226531,644,1,21,New York
94,106261526362,226541,655,0,23,Harrisburg
94,106261526362,226569,600,1,21,New York
94,106261526362,226578,646,1,21,New York
94,206253626009,226516,642,1,21,New York
94,106260126016,226517,642,1,21,New York
94,106260206044,226519,642,1,21,New York
84,106260056362,230620,535,0,61,Oakland
94,106260486149,226521,642,1,21,New York
94,106260056016,226526,644,1,21,New York
94,106260206044,226528,644,1,21,New York
94,106260486149,226530,644,1,21,New York
94,206253626009,226535,655,0,23,Harrisburg
94,106260126016,226536,655,0,23,Harrisburg
94,106260206044,226538,655,0,23,Harrisburg
94,106260486149,226540,655,0,23,Harrisburg
36949,312753626362,218973,290,1,370,New York
94,106260056016,226564,600,1,21,New York
94,106260206044,226566,600,1,21,New York
94,106260486149,226568,600,1,21,New York
94,106260056016,226573,646,1,21,New York
94,106260206044,226575,646,1,21,New York
94,106260486149,226577,646,1,21,New York
88,106560806362,230525,160,0,264,Boston
88,106260486362,218942,93,1,342,Norfolk
42985,306253626362,226317,9438,0,,Baltimore
42985,306253626362,226324,9550,0,,Perryville
42985,306253626362,226330,9440,0,,Baltimore
42985,306253626362,226337,9404,0,,Baltimore
88,206253626016,218938,93,1,342,Norfolk
88,106260206044,218940,93,1,342,Norfolk
42985,306253626362,226344,9451,1,,Washington
42985,306253626362,226351,9536,0,,Perryville
42985,306253626362,226358,9532,0,,Perryville
42985,306253626362,226365,9554,0,,Perryville
80,306553626362,223345,353,0,53,Chicago
80,306253626362,223347,353,0,53,Chicago
80,306553626362,223349,351,0,53,Chicago
80,306253626362,223351,351,0,53,Chicago
42985,306253626362,226372,9422,0,,Baltimore
42985,306253626362,226379,9610,0,,Martin Airport
42985,306253626362,226386,9408,0,,Baltimore
42985,306253626362,226392,9414,0,,Baltimore
42985,306253626362,226399,9418,0,,Baltimore
88,206953626004,230515,160,0,264,Boston
88,100160106010,230516,160,0,264,Boston
88,106460116011,230517,160,0,264,Boston
88,100160176045,230518,160,0,264,Boston
88,106460186032,230519,160,0,264,Boston
61,306553626362,212347,690,1,153,Boston
61,306553626362,212351,691,0,152,Brunswick
61,306553626362,212355,692,1,153,Boston
61,306553626362,212359,693,0,152,Brunswick
61,306553626362,212363,694,1,153,Boston
61,306553626362,212367,695,0,152,Brunswick
61,306553626362,212371,696,1,153,Boston
61,306553626362,212375,698,1,153,Boston
42985,306253626362,226406,9428,0,,Baltimore
42985,306253626362,226412,9430,0,,Baltimore
42985,306253626362,226419,9412,0,,Baltimore
42985,306253626362,226426,9400,0,,Baltimore
42985,306253626362,226433,9587,1,,Baltimore
88,103260196019,230520,160,0,264,Boston
88,106460396039,230521,160,0,264,Boston
88,106460466046,230522,160,0,264,Boston
88,103260476047,230523,160,0,264,Boston
88,106560526074,230524,160,0,264,Boston
90,106260486362,230532,55,1,190,Washington
90,106260056016,230528,55,1,190,Washington
90,106260206044,230530,55,1,190,Washington
61,306553626362,212391,697,0,152,Brunswick
42912,103260686068,192130,8103,0,,Las Vegas
42891,112760686362,226471,8854,1,,Flagstaff
84,106260056362,226479,540,1,59,Sacramento
36921,306553626362,206627,245,0,248,Rensselaer
42891,212753626067,226470,8854,1,,Flagstaff
94,103260476047,226764,670,1,21,New York
94,106561576362,226729,660,1,21,New York
94,106561576362,226747,664,1,21,New York
94,100161576362,226753,662,1,21,New York
94,106561576362,226765,670,1,21,New York
88,206253626016,206886,110,0,,New York
88,106260206044,206888,110,0,,New York
51,112760676362,226778,4,1,118,Chicago
96,112760676362,226786,6,1,174,Chicago
41080,312753626362,223460,3766,1,,Chico
51,212753626064,226775,4,1,118,Chicago
51,100260656065,226776,4,1,118,Chicago
96,212753626004,226782,6,1,174,Chicago
96,112760056064,226783,6,1,174,Chicago
96,100260656065,226784,6,1,174,Chicago
42954,312753626362,223462,3910,1,,Stockton
42954,312753626362,223464,3916,1,,Stockton
88,106460256362,226802,100,0,237,New York
88,103260196019,226801,100,0,237,New York
42957,312753626362,223474,380,1,,Chicago
88,100160176362,226803,109,1,267,Washington
88,106260206362,226807,198,1,237,New York
88,106260206362,226810,113,1,267,Washington
88,106460186018,226804,109,1,267,Washington
88,106260126016,226805,198,1,237,New York
88,106260126016,226808,113,1,267,Washington
42954,312753626362,223486,3915,0,,San Jose
94,106460536362,226836,637,0,24,Philadelphia
94,206453626011,226829,637,0,24,Philadelphia
94,103260196019,226832,637,0,24,Philadelphia
94,106460256039,226833,637,0,24,Philadelphia
94,103260476047,226835,637,0,24,Philadelphia
42957,312753626362,223494,383,0,,Quincy
72,112760056362,223496,382,1,70,Chicago
72,212753626004,223495,382,1,70,Chicago
42954,112760686362,223513,6421,0,,Longview
42954,112760056362,223515,6422,1,,Shreveport
42954,312753626362,223524,6311,0,,Arcata
42954,312753626362,223530,6313,0,,Arcata
94,106261526362,226853,641,0,23,Harrisburg
42954,212753626004,223510,6421,0,,Longview
42954,112760056066,223511,6421,0,,Longview
42954,106460676067,223512,6421,0,,Longview
42954,212753626004,223514,6422,1,,Shreveport
94,106260056016,226848,641,0,23,Harrisburg
60,312753626362,209893,504,0,289,Seattle
94,106260206044,226850,641,0,23,Harrisburg
94,106260486149,226852,641,0,23,Harrisburg
77,112760676362,200074,52,0,6,Lorton
77,112760676362,200079,53,1,5,Sanford
42954,312753626362,223532,6517,0,,Santa Rosa
42954,112760686362,223537,6021,1,,Houston
42954,312753626362,223539,6515,0,,Santa Rosa
42954,112760056362,223542,6510,1,,Martinez
42954,112760686362,223547,6121,1,,Shreveport
77,212753626065,200072,52,0,6,Lorton
77,100160666066,200073,52,0,6,Lorton
77,212753626065,200077,53,1,5,Sanford
77,100160666066,200078,53,1,5,Sanford
94,106260486362,221420,605,0,25,Harrisburg
42954,212753626004,223534,6021,1,,Houston
42954,112760056066,223535,6021,1,,Houston
42954,106460676067,223536,6021,1,,Houston
42954,212753626004,223541,6510,1,,Martinez
42954,212753626004,223544,6121,1,,Shreveport
42954,112760056066,223545,6121,1,,Shreveport
42954,106460676067,223546,6121,1,,Shreveport
42954,312753626362,223551,6514,1,,Martinez
94,206253626016,221416,605,0,25,Harrisburg
94,106260206044,221418,605,0,25,Harrisburg
94,106260056016,226865,645,0,23,Harrisburg
94,106260206044,226867,645,0,23,Harrisburg
94,106260486149,226869,645,0,23,Harrisburg
94,106260056016,226874,643,0,23,Harrisburg
94,106260206044,226876,643,0,23,Harrisburg
94,106260486149,226878,643,0,23,Harrisburg
94,106261526362,226870,645,0,23,Harrisburg
94,106261526362,226879,643,0,23,Harrisburg
42896,312753626362,223562,5612,1,,Santa Barbara
94,106261526362,226889,651,0,23,Harrisburg
94,106261526362,226898,647,0,23,Harrisburg
94,206253626009,226883,651,0,23,Harrisburg
94,106260126016,226884,651,0,23,Harrisburg
94,106260206044,226886,651,0,23,Harrisburg
94,106260486149,226888,651,0,23,Harrisburg
94,106260056016,226893,647,0,23,Harrisburg
94,106260206044,226895,647,0,23,Harrisburg
94,106260486149,226897,647,0,23,Harrisburg
94,106261526362,226907,653,0,23,Harrisburg
94,106260056016,226902,653,0,23,Harrisburg
94,106260206044,226904,653,0,23,Harrisburg
94,106260486149,226906,653,0,23,Harrisburg
94,106261526362,226916,657,0,23,Harrisburg
94,100161576362,226922,611,0,25,Harrisburg
94,106260056016,226911,657,0,23,Harrisburg
94,106260206044,226913,657,0,23,Harrisburg
94,106260486149,226915,657,0,23,Harrisburg
94,200153626010,226917,611,0,25,Harrisburg
94,100160176150,226919,611,0,25,Harrisburg
94,106460186018,226920,611,0,25,Harrisburg
94,106460466046,226921,611,0,25,Harrisburg
42954,312753626362,200176,6092,0,,Tampa
42954,312753626362,226926,5402,1,,San Bernardino
42954,312753626362,226930,5419,0,,Bakersfield
42954,312753626362,226934,5412,1,,San Bernardino
42954,312753626362,226938,5415,0,,Bakersfield
42958,312753626362,200207,6090,0,,Wilson
42954,312753626362,223613,3704,1,,Sacramento
42954,312753626362,223685,5818,1,,San Diego
60,312753626362,210002,503,1,292,Eugene
88,106460256362,226971,117,1,,Washington
88,206253626016,207358,179,1,355,Philadelphia
88,106260206044,207360,179,1,355,Philadelphia
88,103260196019,226970,117,1,,Washington
88,106260486362,207362,179,1,355,Philadelphia
41080,312753626362,223714,3763,0,,Redding
94,106261526362,227035,649,0,23,Harrisburg
41080,312753626362,223717,3788,1,,Chico
94,106260056009,227029,649,0,23,Harrisburg
94,106260126016,227030,649,0,23,Harrisburg
94,106260206044,227032,649,0,23,Harrisburg
94,106260486149,227034,649,0,23,Harrisburg
94,206253626009,226582,656,1,21,New York
94,106260126016,226583,656,1,21,New York
94,106260206044,226585,656,1,21,New York
94,106260486149,226587,656,1,21,New York
64,212753626004,226589,42,1,106,New York
64,112760056151,226590,42,1,106,New York
94,206253626009,226595,658,1,21,New York
94,106460536362,218981,612,1,22,Philadelphia
94,106260126016,226596,658,1,21,New York
94,106260206044,226598,658,1,21,New York
94,106260486149,226600,658,1,21,New York
94,206453626011,218974,612,1,22,Philadelphia
94,103260196019,218977,612,1,22,Philadelphia
94,106460256039,218978,612,1,22,Philadelphia
94,103260476047,218980,612,1,22,Philadelphia
94,106261526362,226588,656,1,21,New York
64,112761526362,226591,42,1,106,New York
94,106261526362,226601,658,1,21,New York
94,106261526362,226631,648,1,21,New York
94,106261526362,226641,650,1,21,New York
94,106261526362,226650,652,1,21,New York
94,106261526362,226660,654,1,21,New York
94,206253626009,226625,648,1,21,New York
94,106260126016,226626,648,1,21,New York
94,106260206044,226628,648,1,21,New York
94,106260486149,226630,648,1,21,New York
42954,312753626362,223413,6014,0,,San Francisco
94,206253626009,226635,650,1,21,New York
94,106260126016,226636,650,1,21,New York
94,106260206044,226638,650,1,21,New York
94,106260486149,226640,650,1,21,New York
94,106260056016,226645,652,1,21,New York
94,106260206044,226647,652,1,21,New York
94,106260486149,226649,652,1,21,New York
94,206253626009,226654,654,1,21,New York
94,106260126016,226655,654,1,21,New York
94,106260206044,226657,654,1,21,New York
94,106260486149,226659,654,1,21,New York
94,206553626011,226661,661,0,23,Harrisburg
94,106560176151,226663,661,0,23,Harrisburg
94,103260196019,226664,661,0,23,Harrisburg
94,103260476047,226665,661,0,23,Harrisburg
94,106561576362,226666,661,0,23,Harrisburg
94,106561576362,226690,663,0,23,Harrisburg
40751,106560246362,230656,2255,1,324,Washington
94,206553626004,226685,663,0,23,Harrisburg
94,106560106151,226687,663,0,23,Harrisburg
94,103260196019,226688,663,0,23,Harrisburg
94,103260476047,226689,663,0,23,Harrisburg
40751,206553626017,230652,2255,1,324,Washington
40751,103260196019,230655,2255,1,324,Washington
40751,103260476047,230657,2255,1,324,Washington
94,106461586362,226705,615,0,25,Harrisburg
94,106561576362,226723,671,0,23,Harrisburg
94,206453626004,226697,615,0,25,Harrisburg
94,106460116011,226698,615,0,25,Harrisburg
94,103260196019,226700,615,0,25,Harrisburg
94,106460256039,226701,615,0,25,Harrisburg
94,103260476047,226703,615,0,25,Harrisburg
94,106460536151,226704,615,0,25,Harrisburg
94,206553626004,226718,671,0,23,Harrisburg
94,106560106151,226720,671,0,23,Harrisburg
94,103260196019,226721,671,0,23,Harrisburg
94,103260476047,226722,671,0,23,Harrisburg
88,106260486362,206890,110,0,,New York
84,106560036362,230665,749,0,61,Oakland
94,206553626011,226724,660,1,21,New York
94,106560176151,226726,660,1,21,New York
94,103260196019,226727,660,1,21,New York
94,103260476047,226728,660,1,21,New York
94,206553626011,226742,664,1,21,New York
94,106560176151,226744,664,1,21,New York
94,103260196019,226745,664,1,21,New York
94,103260476047,226746,664,1,21,New York
94,200153626010,226748,662,1,21,New York
94,100160176150,226750,662,1,21,New York
94,106460186018,226751,662,1,21,New York
94,106460466046,226752,662,1,21,New York
94,206553626004,226760,670,1,21,New York
94,106560106151,226762,670,1,21,New York
94,103260196019,226763,670,1,21,New York
88,106260486362,210118,170,0,264,Boston
88,106260486362,210180,112,0,237,New York
42954,112760036362,227122,6612,1,,Emeryville
88,206253626016,210114,170,0,264,Boston
88,106260206044,210116,170,0,264,Boston
79,112760336362,217427,75,0,108,Charlotte
79,112760336362,217433,74,1,107,Raleigh
79,112760336362,217452,77,0,108,Charlotte
79,112760336362,217456,78,1,107,Raleigh
79,212753626032,217426,75,0,108,Charlotte
88,206253626016,210176,112,0,237,New York
88,106260206044,210178,112,0,237,New York
79,212753626032,217432,74,1,107,Raleigh
79,212753626032,217451,77,0,108,Charlotte
79,212753626032,217455,78,1,107,Raleigh
88,106260486362,210194,182,0,237,New York
90,106260486362,210207,56,0,191,St Albans
88,206253626016,210190,182,0,237,New York
88,106260206044,210192,182,0,237,New York
90,206253626016,210203,56,0,191,St Albans
90,106260206044,210205,56,0,191,St Albans
80,306253626362,212729,354,1,52,Pontiac
80,306553626362,212730,354,1,52,Pontiac
80,306253626362,212756,355,0,53,Chicago
80,306553626362,212757,355,0,53,Chicago
36921,312753626362,182235,232,1,245,New York
36921,312753626362,182246,234,1,245,New York
36921,312753626362,182283,244,1,245,New York
42951,312753626362,182346,307,1,256,St. Louis
54,312753626362,182361,341,0,19,Milwaukee
54,312753626362,182362,342,1,20,Chicago
54,300253626362,182363,343,0,19,Milwaukee
55,312753626362,182402,370,1,27,Grand Rapids
55,312753626362,182405,371,0,28,Chicago
56,312753626362,182412,392,0,121,Chicago
56,312753626362,182413,393,1,122,Carbondale
60,312753626362,182559,500,0,290,Seattle
60,312753626362,182563,502,0,290,Seattle
60,312753626362,182566,505,1,293,Portland
42954,312753626362,207656,5874,1,,Los Angeles
61,306253626362,183047,680,1,153,Boston
61,306253626362,183103,687,0,152,Brunswick
95,312753626362,183130,69,0,4,Montreal
88,106260486362,210569,192,0,237,New York
69,112760986362,210576,90,0,104,New York
88,206253626016,210565,192,0,237,New York
88,106260206044,210567,192,0,237,New York
69,212753626097,210575,90,0,104,New York
42954,306553626362,227610,6679,0,,San Francisco
42954,306553626362,227613,6673,0,,San Francisco
42954,306553626362,227616,6677,0,,San Francisco
88,306553626362,210631,162,0,264,Boston
42954,306553626362,227619,6683,0,,San Francisco
42954,306553626362,227622,6691,0,,San Francisco
42954,306553626362,227624,6687,0,,San Francisco
42954,306553626362,227627,6653,0,,San Francisco
42954,306553626362,227630,6697,0,,San Francisco
42954,306553626362,227633,6695,0,,San Francisco
42954,306553626362,227640,6693,0,,San Francisco
42954,306553626362,227643,6699,0,,San Francisco
42954,306553626362,227650,5006,1,,Emeryville
42954,306553626362,227653,6670,1,,Emeryville
42947,103260126012,227647,1098,0,113,New York
88,103260196019,210633,162,0,264,Boston
88,103260476047,210634,162,0,264,Boston
42954,306553626362,227656,6678,1,,Emeryville
42954,306553626362,227659,6682,1,,Emeryville
42954,306553626362,227662,6674,1,,Emeryville
42954,306553626362,227677,6684,1,,Emeryville
42954,306553626362,227680,6686,1,,Emeryville
42954,306553626362,227682,6688,1,,Emeryville
42954,306553626362,227685,6692,1,,Emeryville
42954,306553626362,227688,6696,1,,Emeryville
42954,306553626362,227691,6668,1,,Emeryville
42954,306553626362,227694,6698,1,,Emeryville
42947,112660986362,227705,98,0,113,New York
42947,100161016362,227706,98,0,113,New York
42947,212653626011,227698,98,0,113,New York
42947,200153626010,227699,98,0,113,New York
42947,112660136097,227701,98,0,113,New York
42947,100160176059,227702,98,0,113,New York
42947,100160666066,227703,98,0,113,New York
42947,100160736094,227704,98,0,113,New York
42954,106260056362,227715,6623,0,,San Francisco
42954,106260056362,227722,6625,0,,San Francisco
42954,106260056362,227729,3642,1,,Auburn
42954,106260056362,227736,6621,0,,San Francisco
42954,106260056362,227743,3536,1,,Auburn
42954,106260056362,227759,6629,0,,San Francisco
42954,106260056362,227774,6647,0,,San Francisco
42954,106260056362,227781,6651,0,,San Francisco
42954,106260056362,227787,6645,0,,San Francisco
42954,106260056362,227803,6628,1,,Emeryville
42954,106260056362,227817,6648,1,,Emeryville
42954,106260056362,227824,6642,1,,Emeryville
42954,106260056362,227833,6638,1,,Emeryville
42954,106260056362,227840,6636,1,,Emeryville
42954,106260056362,227847,6640,1,,Emeryville
42954,106260056362,227861,6650,1,,Emeryville
94,106261526362,227872,620,1,22,Philadelphia
94,106260056009,227865,620,1,22,Philadelphia
94,106260966149,227871,620,1,22,Philadelphia
42954,106260056362,227888,3539,0,,Sacramento
42954,106260056362,227894,6631,0,,San Francisco
42954,106260056362,227907,3623,0,,Sacramento
42954,106260056362,227913,6637,0,,San Francisco
42954,106260056362,227917,3532,1,,Sparks
42954,106260056362,227924,6624,1,,Emeryville
42954,106260056362,227928,6639,0,,San Francisco
42954,106260056362,227947,6641,0,,San Francisco
42954,106260056362,227954,6643,0,,San Francisco
94,100261566362,227981,624,1,21,New York
94,106060206362,227987,622,1,22,Philadelphia
42954,106260056362,227994,6632,1,,Emeryville
42954,106260056362,228007,6634,1,,Emeryville
42954,106260056362,228014,6644,1,,Emeryville
94,206253626009,227973,624,1,21,New York
94,100261006149,227980,624,1,21,New York
94,106060126015,227984,622,1,22,Philadelphia
94,100260166093,227985,622,1,22,Philadelphia
60,312753626362,183567,511,1,293,Portland
88,106260486362,210476,196,0,237,New York
88,206253626016,210472,196,0,237,New York
88,106260206044,210474,196,0,237,New York
42954,106260056362,228021,3646,1,,Auburn
60,312753626362,228075,516,0,375,Vancouver
60,312753626362,228076,518,0,291,Vancouver
60,312753626362,228077,519,1,297,Seattle
60,312753626362,228078,517,1,372,Portland
84,106260056362,228029,527,0,230,San Jose
42954,106260056362,228052,6649,0,,San Francisco
94,106260126016,228042,626,1,21,New York
94,106260206093,228044,626,1,21,New York
42954,307453626362,183940,4050,1,,Richmond
42954,307453626362,183941,4051,0,,Charlottesville
42954,312753626362,183990,5604,0,,Bellingham
42954,312753626362,183991,5605,1,,Seattle
42954,312753626362,183998,5622,0,,Bellingham
42954,312753626362,183999,5677,1,,Seattle
42954,312753626362,184033,5885,0,,Fresno
42933,312753626362,184043,6005,1,,Fraser
42933,312753626362,184044,6006,1,,Fraser
42954,312753626362,184046,6022,0,,Longview
42954,312753626362,184047,6048,1,,Toledo
42954,306553626362,184053,6065,1,,Virginia Beach
42954,306253626362,184056,6067,1,,Virginia Beach
42954,306553626362,184060,6087,0,,Newport News
42954,306553626362,184094,6099,1,,Virginia Beach
42954,312753626362,184096,6122,0,,Longview
42954,306553626362,184101,6124,0,,Newport News
42954,306553626362,184113,6158,0,,Norfolk
42954,306553626362,184154,6187,1,,Virginia Beach
42933,312753626362,184166,6205,1,,Winter Park
42933,312753626362,184167,6206,1,,Winter Park
40751,306553626362,228139,2252,0,327,Boston
40751,103260196019,228141,2252,0,327,Boston
40751,103260476047,228142,2252,0,327,Boston
42954,112760056362,228161,4101,0,,San Jose
42954,112760056362,228162,4102,1,,Merced
42954,112760056362,228163,4104,1,,Merced
42954,112760056362,228164,4119,0,,San Jose
42896,312753626362,228167,5619,0,,Las Vegas
42920,312753626362,185343,8904,0,,Newton
42954,306553626362,185450,6255,1,,Providence
42954,306253626362,185451,6255,1,,Providence
42954,306553626362,185452,6256,0,,Worcester
42954,306253626362,185453,6256,0,,Worcester
42954,306553626362,185454,6257,1,,Providence
42954,306253626362,185455,6257,1,,Providence
42954,306453626362,185456,6258,0,,Worcester
42954,306253626362,185457,6258,0,,Worcester
42954,300153626362,185458,6258,0,,Worcester
42954,306253626362,185459,6259,1,,Providence
42954,300153626362,185460,6259,1,,Providence
42954,306453626362,185461,6259,1,,Providence
42954,306253626362,185462,6260,0,,Worcester
42954,306553626362,185463,6260,0,,Worcester
42954,312753626362,185475,3768,1,,Stockton
